1.014953
1.0199
1.02602
1.074035
1.07621
1.0778259
1.08529
1.11008
1.129684
1.18869
1.191378
1.2073
1.21538
1.215977
1.227218
1.25
1.252599
1.271
1.273312
1.2836
1.284
1.28578
1.287973
1.30005
1.310324
1.321117
1.36245
1.39026
1.4057009
1.43237
1.44425
1.4515927
1.467656
1.47097
1.5
1.50142
1.51646
1.52112
1.52163
1.5230126
1.5525318
1.55597
1.55894
1.55985
1.578883
1.586
1.589815
1.61218
1.6187
1.624905
1.62989
1.643623
1.66461
1.666985
1.68725
1.6911
1.69578
1.699401
1.7115
1.740648
1.763004
1.767558
1.7771
1.778
1.7909
1.796376
1.8016
1.809915
1.81569
1.819
1.82055
1.8228
1.8292
1.835592
1.859968
1.8616641
1.866645
1.8668
1.8702
1.897324
1.89949
1.91386
1.91982
1.9326
1.94738
1.97855
1.986
1.98713
1.9876
2.065705
2.0668408
2.07599
2.07676
2.160806
2.166169
2.2083
2.23416
2.24857
2.2812
2.290354
2.31967
2.321
2.3331
2.35352
2.39838
2.41343
2.4485
2.495
2.50338
2.5255
2.52617
2.5389
2.54895
2.571719
2.5732
2.61678
2.618203
2.622761
2.64516
2.66447
2.669696
2.6949
2.6998
2.71093
2.7478
2.76718
2.7909
2.791
2.79325
2.81596
2.82779
2.8515752
2.856802
2.86261
2.8884
2.93269
2.94663
2.9635
2.98093
2.9826
3.02578
3.03502
3.054961
3.0955
3.12597
3.17023
3.20778
3.2172
3.24581
3.2511
3.277398
3.3057
3.35034
3.38
3.40756
3.41223
3.431145
3.516149
3.53711
3.56454
3.57591
3.58558
3.58681
3.60589
3.607
3.639
3.65368
3.684975
3.698573
3.7362
3.7578
3.816342
3.8315
3.8571
3.8612
3.86584
3.86862
3.9332
3.9699
4.05239
4.0713
4.0952
4.1043
4.14774
4.1575
4.1665
4.21938
4.229598
4.2509
4.2673
4.2735
4.2871
4.29033
4.307
4.33483
4.42638
4.441005
4.4536
4.5663
4.6015
4.6294
4.63569
4.7713
4.78652
4.798
4.83076
4.84067
4.9376
4.93987
4.96234
4.9916
5.0007
5.117311
5.2655
5.3999
5.4
5.42384
5.5889
5.6614
5.7507
5.77033
5.83727
5.846748
5.8547
5.87127
5.93485
6.04828
6.05726
6.06506
6.08
6.1051
6.15859
6.2468
6.2734
6.307786
6.4108
6.457157
6.5048
6.66306
6.6794
6.9035
6.9127
6.9138
6.94799
6.9747
6.99521
7.03
7.0434
7.06988
7.18843
7.191618
7.294531
7.3059
7.44743
7.51352
7.517786
7.5608
7.5803
7.61895
7.64429
7.6649
7.7411
7.802
7.8237
7.971
8.0608
8.111069
8.1431
8.16347
8.189774
8.5099
8.5109
8.5983
8.602
8.63
8.639
8.7534
8.8468
8.889317
8.905
8.937725
8.9773
9.0457
9.051
9.0654
9.158
9.582
9.615199
9.7905
9.959

