1
1.00001
1.000032
1.003578
1.00449
1.004555
1.004791
1.00499
1.00591
1.00665
1.00676
1.006789
1.007123
1.00716
1.007585
1.00773
1.008673
1.00959
1.0106
1.011362
1.01165
1.013999
1.014514
1.0152
1.0164
1.016422
1.01699
1.01849
1.018547
1.019838
1.02129
1.02162
1.022011
1.02454
1.0258199
1.0279
1.032
1.032299
1.034406
1.034407
1.03568
1.036068
1.03663
1.03701
1.037021
1.0399
1.041
1.04196
1.04255
1.0431
1.044135
1.0472
1.04999
1.05064
1.05224
1.055544
1.055594
1.056884
1.059544
1.0605
1.062985
1.06436
1.0647
1.065297
1.067091
1.069267
1.071559
1.074668
1.074768
1.07486
1.074866
1.07527
1.07634
1.07837
1.0788
1.079291
1.0802
1.0812
1.08239
1.085265
1.08611
1.08772
1.089921
1.0903838
1.0905759
1.092333
1.092833
1.093425
1.095152
1.096298
1.09665
1.096995
1.0976
1.09799
1.09982
1.1
1.10087
1.1016
1.101906
1.103552
1.105
1.105771
1.1112
1.1126
1.11268
1.114196
1.115161
1.11599
1.115999
1.116163
1.116254
1.11633
1.1168
1.117
1.1175772
1.123249
1.123648
1.12491
1.126051
1.12694
1.128
1.128646
1.13
1.130685
1.136504
1.13715
1.139
1.13963
1.142537
1.1435
1.143645
1.144197
1.146385
1.148
1.149078
1.149517
1.150286
1.152677
1.154
1.15408
1.1559
1.159512
1.163
1.163197
1.16638
1.167276
1.167784
1.168895
1.1689
1.1728
1.173
1.173144
1.17352
1.17363
1.17508
1.1778
1.177814
1.179123
1.17999
1.180627
1.1841
1.1842
1.185
1.187209
1.18801
1.188044
1.18808
1.19001
1.190488
1.191167
1.1917
1.19223
1.196191
1.199871
1.20188
1.202
1.20361
1.2044
1.204704
1.2052
1.205799
1.20599
1.206198
1.206888
1.208172
1.21048
1.211917
1.2128
1.214327
1.216
1.2175
1.21807
1.21864
1.2208
1.22099
1.221212
1.2231
1.224145
1.224507
1.225848
1.227
1.2286
1.2298806
1.22999
1.230573
1.231895
1.23238
1.233122
1.235793
1.236027
1.240513
1.242461
1.242838
1.244
1.245484
1.246445
1.249663
1.24999
1.254035
1.255689
1.258983
1.2596
1.259963
1.261
1.263736
1.2640838
1.2672
1.271
1.271858
1.273474
1.275449
1.277199
1.28
1.280389
1.281508
1.2825
1.283624
1.288017
1.28868
1.29382
1.295
1.295774
1.29599
1.2963
1.299199
1.3
1.3003
1.302375
1.3048
1.305
1.3056
1.306355
1.312916
1.313364
1.313522
1.317403
1.318293
1.319
1.31991
1.32057
1.32419
1.330528
1.3326618
1.334167
1.3371
1.338251
1.338358
1.342048
1.342335
1.34301
1.343499
1.3435
1.34434
1.345799
1.34761
1.34804
1.34814
1.35
1.35036
1.35825
1.36014
1.3612439
1.36235
1.362979
1.364
1.36425
1.365925
1.368
1.36999
1.37
1.37109
1.372908
1.373416
1.374825
1.377056
1.377166
1.377371
1.377649
1.38342
1.383865
1.38503
1.38673
1.387966
1.389917
1.390172
1.392695
1.3961
1.397024
1.3984
1.398871
1.399053
1.39999
1.4
1.4003
1.401
1.403014
1.4045
1.405943
1.40849
1.408775
1.410367
1.41139
1.414418
1.414945
1.41538
1.41599
1.416471
1.417037
1.41797
1.42136
1.422988
1.42313
1.4237
1.424362
1.425167
1.42569
1.427234
1.42813
1.433297
1.43564
1.438
1.439
1.445222
1.44601
1.446191
1.448548
1.44942
1.4495
1.45
1.450144
1.450324
1.45082
1.4518
1.452195
1.452309
1.45299
1.45471
1.45514
1.45712
1.457392
1.460347
1.464541
1.465
1.46668
1.467627
1.4688
1.469
1.469054
1.470994
1.471481
1.47166
1.471911
1.472558
1.47256
1.472575
1.473151
1.474
1.474181
1.475604
1.476
1.477593
1.480237
1.4807
1.48081
1.481157
1.483959
1.485163
1.485472
1.485781
1.486698
1.488
1.49144
1.49244
1.495
1.4968
1.497672
1.49807
1.49899
1.499
1.4999
1.49999
1.5
1.502913
1.5045323
1.5049
1.506
1.507121
1.50725
1.5081
1.508118
1.51099
1.511787
1.511816
1.51189
1.512884
1.517121
1.518391
1.518845
1.51885
1.519796
1.5205
1.52099
1.523885
1.524623
1.5262
1.526504
1.526924
1.52765
1.5307
1.536771
1.538
1.538313
1.5385
1.5387
1.54026
1.5408
1.540884
1.5452
1.546222
1.5468
1.547549
1.54799
1.548832
1.54938
1.549411
1.549438
1.55011
1.550449
1.551281
1.55201
1.5547
1.558188
1.558712
1.55872
1.560645
1.564
1.564297
1.566083
1.5718
1.573378
1.57499
1.575559
1.575813
1.57634
1.57669
1.57999
1.580905
1.584316
1.58698
1.591246
1.593
1.5953
1.598
1.59966
1.5999
1.6
1.6001
1.6013
1.60656
1.611255
1.6123
1.6136
1.616725
1.61785
1.61799
1.618858
1.62075
1.625
1.6269
1.6278
1.62788
1.6281
1.628283
1.6299
1.63
1.636
1.637
1.641204
1.643376
1.6439
1.64394
1.6443
1.64637
1.647261
1.6501
1.653202
1.653906
1.654799
1.666352
1.66665
1.668
1.66908
1.669915
1.670443
1.6747
1.67533
1.675814
1.677
1.6781
1.6799
1.6803
1.682451
1.683301
1.684715
1.685343
1.686155
1.687645
1.687744
1.688166
1.68968
1.69
1.690333
1.69129
1.691775
1.692453
1.693531
1.6944
1.694659
1.6973
1.698818
1.701889
1.70224
1.702909
1.702947
1.7031
1.704597
1.704999
1.70755
1.709699
1.709999
1.71499
1.715
1.719584
1.7222
1.723895
1.7247
1.726
1.72657
1.729
1.73
1.730104
1.73053
1.730869
1.73305
1.7354
1.737
1.73734
1.73951
1.749742
1.75
1.75126
1.7528
1.753236
1.754484
1.7561
1.75721
1.75824
1.76093
1.761654
1.761796
1.7659
1.768153
1.7712
1.7718
1.7739
1.77694
1.779
1.779014
1.7799
1.781209
1.781629
1.7827
1.78372
1.7859
1.79058
1.794869
1.8
1.801
1.803302
1.8054
1.81
1.810571
1.8116
1.816
1.816857
1.81799
1.82
1.821107
1.82199
1.823603
1.823779
1.82382
1.82458
1.82499
1.825531
1.827
1.8299
1.831684
1.832
1.83349
1.83618
1.83799
1.838627
1.83899
1.841
1.8449
1.84562
1.845982
1.846113
1.847
1.84859
1.848992
1.849747
1.85289
1.8529
1.853202
1.855127
1.8554
1.856168
1.856471
1.85999
1.86056
1.8635
1.8636
1.8659
1.86681
1.868
1.87
1.875154
1.87569
1.879876
1.882082
1.883
1.885496
1.887
1.887667
1.888464
1.88898
1.8906
1.8933
1.893679
1.89447
1.8949
1.8959
1.9
1.901233
1.904516
1.906599
1.90699
1.90799
1.911831
1.912961
1.91371
1.91868
1.919954
1.9232
1.92776
1.928796
1.93
1.9328
1.933682
1.935024
1.935455
1.9371
1.93839
1.938861
1.938915
1.940211
1.941162
1.942876
1.944
1.945
1.94746
1.95
1.9507
1.951033
1.956
1.95804
1.95999
1.961439
1.96151
1.9652
1.967538
1.96852
1.969897
1.97
1.971586
1.98634
1.99048
1.99445
1.99499
1.9972
1.99844
1.9991
1.99999
2
2.0032
2.004452
2.00499
2.007267
2.008637
2.00934
2.01
2.0105
2.01845
2.02
2.02137
2.022061
2.02311
2.02485
2.032631
2.035354
2.035968
2.04091
2.04669
2.04851
2.050992
2.0533
2.055223
2.059767
2.06
2.060279
2.061428
2.0639
2.065
2.0678
2.068339
2.068813
2.072
2.075168
2.07635
2.080749
2.081199
2.081493
2.081947
2.08199
2.08358
2.088549
2.090836
2.095895
2.0996
2.0999
2.1
2.100319
2.101051
2.101649
2.1021
2.107
2.110097
2.11319
2.117137
2.11817
2.122424
2.12379
2.128226
2.12962
2.13255
2.13383
2.148386
2.14889
2.148939
2.149245
2.15
2.1511
2.1517
2.154129
2.158
2.16
2.16233
2.163965
2.164286
2.172178
2.17499
2.1767
2.179358
2.182633
2.18551
2.18552
2.186141
2.189452
2.19
2.195045
2.19579
2.198
2.2
2.2045
2.205671
2.205672
2.21009
2.21041
2.21316
2.219664
2.2205
2.22399
2.226
2.2289
2.229
2.229056
2.229512
2.23
2.232701
2.23312
2.234064
2.239089
2.24285
2.25
2.25097
2.25148
2.251839
2.252351
2.258
2.26
2.270216
2.27354
2.276716
2.278436
2.28111
2.281915
2.28473
2.28528
2.2895
2.29151
2.3
2.301677
2.30196
2.30402
2.305
2.30558
2.31196
2.31207
2.322544
2.32499
2.32625
2.3291
2.33499
2.3355
2.3362
2.336828
2.337831
2.3394
2.3412
2.34145
2.342078
2.3435
2.345
2.3458
2.34704
2.34792
2.3502
2.35085
2.35147
2.352534
2.357026
2.3572
2.36
2.363261
2.366
2.368788
2.36927
2.37094
2.3713
2.3738
2.374536
2.376
2.376075
2.381018
2.38499
2.38671
2.39068
2.390886
2.391093
2.39563
2.396936
2.39999
2.4
2.402127
2.402164
2.405
2.4057
2.410816
2.41499
2.415548
2.421
2.4285
2.43
2.431799
2.4375
2.44
2.448
2.45151
2.459613
2.460104
2.46167
2.462
2.46222
2.4624
2.4669
2.472468
2.474
2.4833
2.48499
2.4884
2.490662
2.4912
2.498411
2.49999
2.5
2.503566
2.506879
2.50696
2.5182
2.5183
2.5199
2.52273
2.526422
2.52977
2.530304
2.53128
2.531527
2.5352
2.536464
2.53652
2.5381
2.5418
2.54568
2.54949
2.552484
2.553277
2.563652
2.571566
2.5818
2.583
2.585574
2.58835
2.5896
2.5902
2.596079
2.5962
2.60254
2.6065
2.607
2.60953
2.6099
2.613
2.615023
2.61719
2.618
2.6246
2.62658
2.63
2.635
2.644391
2.6471
2.648
2.65
2.654931
2.66021
2.660541
2.66325
2.6655
2.665736
2.676582
2.68441
2.68599
2.6896
2.6899
2.6931
2.6947
2.69496
2.6953
2.699714
2.69999
2.712
2.71754
2.72
2.721116
2.721246
2.731125
2.734995
2.735313
2.736295
2.746384
2.74881
2.74919
2.7492
2.7499
2.75431
2.76043
2.763
2.764346
2.7651
2.765899
2.766
2.768
2.7725
2.7776
2.7783
2.781689
2.785
2.788166
2.7899
2.78999
2.791941
2.793
2.793625
2.7981
2.8099
2.812848
2.8229
2.824089
2.8272
2.83
2.83799
2.84242
2.84499
2.84741
2.850118
2.85047
2.8505
2.85057
2.8513
2.852469
2.852655
2.853686
2.85579
2.85713
2.858701
2.863249
2.865
2.867
2.86808
2.869708
2.872
2.8735
2.876075
2.87994
2.88595
2.8907
2.9038
2.90539
2.906906
2.907814
2.907963
2.909
2.90963
2.9102
2.9105
2.916874
2.9186
2.920999
2.928
2.928611
2.930676
2.93345
2.934
2.93499
2.93833
2.938354
2.940233
2.94389
2.95
2.9564
2.9619
2.96487
2.96765
2.97
2.972
2.972141
2.9727
2.98001
2.9843
2.991974
2.993
2.99459
2.99549
2.99737
3
3.001799
3.0059
3.01
3.017733
3.018462
3.01895
3.019
3.021159
3.02144
3.033798
3.0346
3.03924
3.03982
3.040409
3.041
3.041532
3.04158
3.04776
3.0499
3.0524
3.05334
3.0546
3.05588
3.062798
3.0694
3.06953
3.0766
3.078
3.078856
3.089275
3.0901
3.0951
3.09943
3.09999
3.10004
3.1003
3.1009
3.10322
3.107325
3.10938
3.1168
3.1195
3.122
3.127148
3.12716
3.131128
3.137284
3.13887
3.14
3.14389
3.14394
3.146669
3.1526
3.15508
3.1599
3.160826
3.166144
3.16717
3.1688
3.178559
3.1798
3.18558
3.19127
3.195
3.2095
3.2107
3.213
3.214696
3.2229
3.239446
3.23977
3.24038
3.243
3.24764
3.24797
3.2494
3.251999
3.258649
3.259999
3.26416
3.271
3.27414
3.28
3.28551
3.2864
3.289646
3.28985
3.29
3.2908
3.29215
3.2979
3.298
3.3078
3.307816
3.3084
3.3086
3.311
3.31116
3.324182
3.3282
3.3294
3.33227
3.33263
3.33395
3.341
3.344
3.3482
3.35385
3.3588
3.36449
3.36512
3.3711
3.371931
3.374
3.38
3.38691
3.3897
3.39441
3.396656
3.39999
3.4031
3.403109
3.41
3.415198
3.4189
3.42
3.4319
3.43275
3.4479
3.447912
3.4485
3.4499
3.45522
3.4583
3.461
3.462634
3.4629
3.468103
3.46826
3.471078
3.4799
3.482
3.4828
3.48446
3.4903
3.4949
3.496005
3.499
3.5
3.5006
3.513802
3.516
3.517044
3.52331
3.5243
3.524653
3.525366
3.53205
3.535877
3.539524
3.55172
3.559764
3.5609
3.5638
3.56474
3.56697
3.5681
3.5699
3.579
3.5799
3.58221
3.58222
3.582223
3.582671
3.5878
3.59
3.59057
3.5999
3.601759
3.61
3.61275
3.61299
3.618
3.6233
3.6259
3.63
3.630066
3.63235
3.6439
3.647
3.647891
3.656344
3.666904
3.668
3.669
3.6701
3.67568
3.68
3.682
3.689449
3.6943
3.698686
3.7
3.7033
3.705
3.71325
3.7149
3.71999
3.72723
3.729229
3.7399
3.741
3.7426
3.74999
3.763
3.764033
3.76746
3.7677
3.767877
3.7681
3.772075
3.775
3.778826
3.7858
3.79
3.793
3.7981
3.79927
3.805353
3.8114
3.817
3.8216
3.825315
3.828552
3.83176
3.833
3.8343
3.8344
3.837
3.8456
3.8457
3.846
3.8471
3.84722
3.8499
3.84999
3.850463
3.85092
3.8529
3.86
3.8624
3.8954
3.9
3.90292
3.905
3.90585
3.917912
3.9261
3.930614
3.9326
3.933167
3.94
3.94233
3.94999
3.952
3.953661
3.9552
3.960325
3.9643
3.96499
3.966304
3.988546
3.99134
3.99225
3.9999
4
4.0039
4.006783
4.0099
4.01165
4.021
4.022
4.0222
4.02435
4.02483
4.02734
4.0299
4.03086
4.035494
4.0414
4.05
4.05306
4.05341
4.0707
4.070709
4.0804
4.0822
4.09037
4.09348
4.1
4.102295
4.13118
4.137627
4.13999
4.142577
4.145
4.1528
4.155
4.1603
4.17135
4.1773
4.1812
4.197555
4.1999
4.19999
4.2
4.200047
4.2058
4.22211
4.2251
4.2366
4.24447
4.256394
4.2671
4.27424
4.2799
4.2856
4.298294
4.298357
4.315499
4.32344
4.333309
4.3358
4.33978
4.34739
4.348
4.34894
4.35988
4.365768
4.36862
4.3766
4.3999
4.4
4.4016
4.40522
4.43111
4.43463
4.4411
4.443603
4.44587
4.44788
4.45288
4.45564
4.456223
4.4579
4.4587
4.471
4.47199
4.47402
4.477779
4.48
4.4849
4.486236
4.487256
4.48933
4.499258
4.4996
4.5
4.5058
4.507332
4.50751
4.509605
4.519
4.520618
4.52199
4.5303
4.531
4.533
4.542417
4.54512
4.54513
4.548
4.5482
4.548386
4.54899
4.55042
4.5634
4.57165
4.575
4.5771
4.5787
4.583749
4.5847
4.591999
4.5947
4.59964
4.6
4.6013
4.60253
4.604
4.6043
4.61108
4.61112
4.61334
4.617007
4.61755
4.61853
4.6229
4.6231
4.6244
4.6299
4.635797
4.64799
4.6499
4.65
4.65118
4.65731
4.65746
4.65859
4.66537
4.6694
4.6738
4.681826
4.68599
4.68768
4.68774
4.70066
4.70077
4.703
4.707
4.71975
4.7239
4.72864
4.7326
4.734
4.73963
4.7409
4.7499
4.75655
4.759
4.7612
4.764
4.7728
4.775
4.7759
4.77813
4.7828
4.784334
4.7899
4.7932
4.7943
4.797
4.79999
4.801
4.81
4.8167
4.8191
4.82112
4.8353
4.8361
4.837953
4.8396
4.84
4.8549
4.855186
4.85714
4.85998
4.8648
4.867
4.86785
4.882
4.88436
4.88441
4.8899
4.8999
4.9
4.9099
4.91
4.9164
4.9199
4.92093
4.921949
4.93
4.941
4.95
4.9588
4.9699
4.97
4.98
4.985565
4.999
4.9999
5
5.00425
5.00725
5.01629
5.0259
5.035
5.0369
5.037
5.0468
5.0499
5.05873
5.063
5.0644
5.07
5.0705
5.076753
5.07708
5.0794
5.08025
5.08525
5.08847
5.094186
5.0953
5.09728
5.0974
5.1
5.10599
5.108903
5.1095
5.11117
5.1132
5.1145
5.11647
5.124
5.132
5.14113
5.15563
5.1732
5.1793
5.1804
5.182548
5.18665
5.2
5.213844
5.2171
5.2185
5.2285
5.2462
5.2474
5.25
5.257
5.265354
5.269493
5.2695
5.27057
5.278
5.279
5.284448
5.285
5.2993
5.30493
5.30791
5.31172
5.31273
5.321
5.3288
5.34
5.3436
5.3481
5.3493
5.3499
5.35
5.35133
5.36
5.369021
5.37347
5.377
5.37797
5.385403
5.40403
5.40499
5.40764
5.42077
5.43749
5.437843
5.4399
5.49
5.49741
5.5
5.5022
5.5107
5.51417
5.520012
5.534
5.5477
5.54935
5.55
5.55098
5.5676
5.56989
5.5792
5.57983
5.58081
5.583
5.5868
5.59
5.5963
5.6
5.602538
5.606
5.606208
5.6139
5.618
5.6239
5.640555
5.644192
5.6467
5.65865
5.6664
5.675463
5.677726
5.67827
5.684
5.6875
5.698993
5.69902
5.7006
5.7027
5.7166
5.725635
5.72625
5.7276
5.7299
5.74799
5.748
5.759
5.769
5.781822
5.78756
5.79
5.79758
5.81272
5.82475
5.82699
5.8387
5.84999
5.8562
5.864
5.86569
5.8667
5.873742
5.873921
5.877
5.87999
5.888371
5.89465
5.89688
5.9107
5.9129
5.9156
5.91962
5.922532
5.9232
5.9238
5.925629
5.94218
5.9438
5.9439
5.94753
5.95
5.958
5.966
5.9661
5.9699
5.9759
5.98
5.9879
5.99231
5.9996
5.9999
6
6.003402
6.011422
6.0167
6.0351
6.0438
6.05
6.054071
6.065651
6.078117
6.0796
6.11481
6.118
6.1203
6.12935
6.14
6.14471
6.1472
6.1541
6.1799
6.1884
6.2
6.20207
6.20935
6.211
6.21168
6.21284
6.2187
6.23
6.2348
6.2436
6.24999
6.253
6.265
6.27098
6.27719
6.2792
6.28256
6.28274
6.2883
6.2899
6.29003
6.3
6.30169
6.30239
6.3126
6.31699
6.3348
6.33976
6.3438
6.344442
6.36274
6.36385
6.36398
6.36452
6.376
6.38098
6.38599
6.3899
6.3983
6.4
6.40087
6.40238
6.40372
6.40466
6.4155
6.416332
6.4173
6.42672
6.4334
6.4384
6.44333
6.44498
6.45799
6.479
6.49897
6.5
6.5052
6.513135
6.5199
6.52
6.53
6.54279
6.54673
6.5474
6.56438
6.56517
6.573
6.57973
6.58564
6.589
6.599
6.59933
6.6
6.61
6.6169
6.6172
6.626
6.6265
6.62779
6.644092
6.64622
6.65126
6.66068
6.67332
6.68883
6.69
6.71013
6.718094
6.71824
6.7258
6.73937
6.74657
6.753
6.75587
6.7629
6.76844
6.7699
6.77
6.77403
6.78
6.7887
6.79808
6.8
6.812143
6.8127
6.8138
6.8299
6.84578
6.84843
6.85748
6.88627
6.8957
6.8999
6.90165
6.903
6.9099
6.927
6.92999
6.93176
6.9334
6.93635
6.9387
6.94651
6.954
6.96022
6.96403
6.97499
6.98
6.9814
6.99
6.9954
7
7.007
7.0125
7.0188
7.029
7.03093
7.04439
7.07616
7.1
7.10305
7.10578
7.1079
7.1335
7.13785
7.15799
7.1674
7.176562
7.188
7.2
7.20122
7.21
7.2115
7.21438
7.221
7.2237
7.2259
7.22866
7.25632
7.25658
7.266224
7.27943
7.28441
7.2881
7.2985
7.3
7.30367
7.30632
7.3097
7.31116
7.34427
7.34698
7.347
7.37
7.373
7.3829
7.38762
7.4038
7.4116
7.427
7.4299
7.4386
7.4451
7.4544
7.4566
7.45707
7.45835
7.46
7.4699
7.5
7.50426
7.51236
7.51818
7.519081
7.5303
7.532
7.5503
7.55161
7.56123
7.5619
7.5647
7.582
7.5917
7.594633
7.5961
7.59792
7.5995
7.6
7.6045
7.60911
7.61659
7.62196
7.62639
7.63897
7.64309
7.64999
7.6639
7.6649
7.6803
7.68065
7.682
7.694
7.69827
7.7019
7.7021
7.7093
7.712
7.7154
7.7188
7.7372
7.74244
7.74465
7.75089
7.751984
7.757844
7.75805
7.7598
7.765783
7.76711
7.76979
7.774
7.78646
7.7942
7.8086
7.8133
7.8174
7.82295
7.82352
7.83241
7.833669
7.83477
7.84251
7.85741
7.85747
7.8679
7.87058
7.871623
7.87336
7.8781
7.88653
7.8899
7.91243
7.91883
7.9199
7.92983
7.9471
7.9501
7.9569
7.957
7.961719
7.9633
7.97
7.9799
7.99794
7.9999
8
8.0265
8.0267
8.03029
8.0358
8.05932
8.0633
8.07177
8.08864
8.0907
8.0997
8.12888
8.1357
8.14141
8.142
8.14492
8.1499
8.17
8.17321
8.1978
8.19868
8.2
8.20274
8.20343
8.21091
8.2124
8.2199
8.24363
8.2529
8.27
8.2768
8.27822
8.28326
8.3
8.30158
8.30868
8.31
8.3109
8.325
8.32999
8.33523
8.36607
8.38386
8.38569
8.391
8.3983
8.407
8.4099
8.4112
8.42421
8.42775
8.43
8.4464
8.44667
8.4615
8.469
8.4715
8.48194
8.48371
8.489
8.491113
8.49999
8.5
8.50221
8.504
8.51596
8.524
8.53153
8.54849
8.555
8.55633
8.55806
8.5855
8.58639
8.588
8.5901
8.599788
8.61
8.6184
8.62199
8.64208
8.64999
8.6539
8.6695
8.6699
8.68159
8.6851
8.689
8.7028
8.7141
8.7237
8.7299
8.73284
8.73287
8.7405
8.7443
8.74825
8.7514
8.75211
8.75447
8.7554
8.7564
8.77
8.78
8.7807
8.78868
8.7895
8.8001
8.81523
8.81599
8.82421
8.826
8.85029
8.854
8.861
8.864
8.87066
8.87845
8.9021
8.9099
8.91
8.92113
8.92114
8.92548
8.93
8.9524
8.95555
8.96196
8.96442
8.96499
8.96582
8.9686
8.97797
8.98528
8.9939
9
9.026
9.03158
9.035
9.04766
9.074999
9.08395
9.091
9.1074
9.10926
9.12
9.12772
9.1288
9.1416
9.15096
9.15552
9.16453
9.18999
9.23789
9.2386
9.26
9.28
9.289
9.292
9.2999
9.32252
9.3371
9.33798
9.35
9.351
9.368
9.368354
9.37311
9.37798
9.42
9.4201
9.42333
9.42941
9.4332
9.43732
9.44507
9.44691
9.44815
9.45
9.4859
9.48771
9.5178
9.52185
9.524792
9.5388
9.5399
9.54432
9.5535
9.555
9.56536
9.572
9.57899
9.582
9.598
9.6199
9.625
9.65539
9.6585
9.6785
9.68452
9.6893
9.69151
9.701
9.71
9.715
9.7177
9.72738
9.7466
9.75
9.768
9.817921
9.8189
9.8201
9.8276
9.8287
9.83621
9.83896
9.865
9.8683
9.86958
9.8699
9.872
9.87505
9.87744
9.897
9.89999
9.90572
9.91572
9.94363
9.96851
9.9699
9.96996
9.974

